image_width: 960
image_height: 1080
camera_name: camera
camera_matrix:
  rows: 3
  cols: 3
  data: [1.0533451086948708e+03, 0., 1.3123433723332275e+02, 0., 1.0533451086948708e+03, 5.9951765199206750e+02, 0., 0., 1.]
distortion_model: plumb_bob
distortion_coefficients:
  rows: 1
  cols: 5
  data: [0,0,0,0,0]
rectification_matrix:
  rows: 3
  cols: 3
  data: [9.7152239615949476e-01, 2.9597348180083083e-02, -2.3509196230671214e-01, -3.2504782061667160e-02, 9.9943542783408457e-01, -8.5008666160607486e-03, 2.3470763281929535e-01, 1.5900395303496941e-02, 9.7193595700825663e-01]
projection_matrix:
  rows: 3
  cols: 4
  data: [1.2674536087753729e+03, 0., 4.8159740829467773e+02, 0., 0., 1.2674536087753729e+03, 6.0656876754760742e+02, 0., 0., 0., 1., 0.]
