image_width: 1280
image_height: 720
camera_name: camera
camera_matrix:
  rows: 3
  cols: 3
  data: [961.81671,   0.     , 658.85128,
           0.     , 963.80298, 362.35992,
           0.     ,   0.     ,   1.     ]
distortion_model: plumb_bob
distortion_coefficients:
  rows: 1
  cols: 5
  data: [-0.404335, 0.167378, -0.000048, 0.001005, 0.000000]
rectification_matrix:
  rows: 3
  cols: 3
  data: [ 0.99991132, -0.01154175,  0.00664413,
          0.01151138,  0.9999232 ,  0.00459062,
         -0.0066966 , -0.00451373,  0.99996739]
projection_matrix:
  rows: 3
  cols: 4
  data: [933.00075,   0.     , 656.09325,   0.     ,
           0.     , 933.00075, 368.62076,   0.     ,
           0.     ,   0.     ,   1.     ,   0.     ]
